This file was created by CMPT_BEME_BRKPTS using the 201402 CRSP database.  It contains every 5th NYSE BEME percentile.

      <=0   >0
1926    3  428    0.291    0.393    0.506    0.590    0.654    0.699    0.779    0.863    0.944    1.022    1.091    1.223    1.371    1.513    1.731    1.998    2.464    3.381    5.355   31.322
1927    1  463    0.312    0.423    0.528    0.620    0.677    0.783    0.864    0.933    0.989    1.062    1.146    1.234    1.352    1.554    1.811    2.173    2.688    3.475    5.010   53.102
1928    1  485    0.209    0.334    0.401    0.469    0.543    0.627    0.675    0.744    0.820    0.905    0.980    1.077    1.209    1.347    1.510    1.726    2.021    2.660    4.404   25.054
1929    5  518    0.165    0.230    0.315    0.367    0.415    0.474    0.536    0.573    0.642    0.711    0.773    0.870    0.977    1.102    1.220    1.429    1.651    2.318    3.427   38.578
1930    3  588    0.291    0.371    0.452    0.545    0.625    0.713    0.795    0.880    0.962    1.039    1.179    1.318    1.487    1.696    1.966    2.453    3.139    4.491    7.644  126.001
1931    5  618    0.411    0.560    0.679    0.813    0.937    1.061    1.224    1.372    1.556    1.722    1.998    2.357    2.684    3.099    3.603    4.356    5.473    8.051   16.465  129.410
1932    8  593    0.590    0.829    1.075    1.333    1.596    1.843    2.218    2.489    2.910    3.345    3.976    4.633    5.287    6.290    7.561    9.156   11.316   15.982   27.791  251.726
1933    8  603    0.607    0.828    1.069    1.352    1.702    1.944    2.332    2.667    2.993    3.585    4.075    4.660    5.676    6.569    8.018    9.471   11.773   16.923   34.517  204.062
1934    9  609    0.383    0.508    0.605    0.773    0.875    0.981    1.136    1.289    1.447    1.680    1.895    2.168    2.472    2.956    3.503    4.207    5.476    7.550   17.354  160.264
1935   11  614    0.360    0.454    0.531    0.677    0.808    0.904    1.004    1.118    1.282    1.456    1.641    1.879    2.307    2.726    3.290    4.120    5.598    7.654   15.045  204.737
1936   10  625    0.260    0.331    0.403    0.476    0.555    0.618    0.711    0.786    0.868    0.973    1.100    1.257    1.417    1.668    2.030    2.537    3.178    5.685   10.406  103.771
1937    9  658    0.204    0.270    0.314    0.382    0.433    0.483    0.527    0.596    0.652    0.708    0.782    0.879    0.948    1.044    1.218    1.502    1.984    3.184    6.207   58.165
1938    9  699    0.342    0.479    0.625    0.759    0.872    0.966    1.066    1.161    1.278    1.404    1.566    1.711    1.956    2.182    2.581    3.056    4.030    6.454   15.615  191.593
1939    7  696    0.267    0.354    0.433    0.541    0.618    0.708    0.798    0.883    0.998    1.085    1.213    1.354    1.494    1.669    1.935    2.334    3.276    5.254   10.909  186.616
1940   10  697    0.267    0.385    0.486    0.599    0.651    0.750    0.854    0.945    1.033    1.166    1.307    1.464    1.615    1.823    2.094    2.495    3.063    4.833    9.390  173.427
1941    7  720    0.329    0.438    0.561    0.685    0.778    0.860    0.954    1.046    1.159    1.329    1.461    1.653    1.825    2.095    2.382    2.892    3.509    4.796   12.170  759.189
1942    4  726    0.427    0.579    0.794    0.909    0.987    1.094    1.228    1.393    1.552    1.744    1.933    2.135    2.315    2.609    3.029    3.551    4.842    6.603   15.097 1250.106
1943    3  726    0.423    0.587    0.745    0.869    0.994    1.106    1.190    1.310    1.434    1.611    1.722    1.918    2.119    2.380    2.716    3.207    4.068    5.570   13.042  345.653
1944    1  730    0.398    0.526    0.618    0.707    0.808    0.893    0.951    1.030    1.121    1.213    1.330    1.436    1.561    1.670    1.874    2.161    2.476    3.373    6.699  117.602
1945    0  763    0.368    0.454    0.535    0.591    0.657    0.715    0.769    0.840    0.905    0.966    1.043    1.132    1.210    1.320    1.424    1.590    1.857    2.243    4.105   55.720
1946    1  770    0.245    0.325    0.380    0.435    0.471    0.516    0.562    0.593    0.632    0.686    0.725    0.769    0.815    0.895    0.959    1.061    1.245    1.520    2.547   14.915
1947    1  834    0.316    0.403    0.468    0.533    0.577    0.638    0.672    0.725    0.787    0.854    0.911    0.959    1.035    1.119    1.213    1.373    1.567    1.916    2.781   22.560
1948    2  876    0.397    0.481    0.561    0.656    0.707    0.764    0.815    0.868    0.947    1.028    1.078    1.151    1.255    1.341    1.434    1.580    1.801    2.156    3.589   28.059
1949    1  902    0.448    0.576    0.700    0.779    0.853    0.935    1.023    1.100    1.171    1.248    1.341    1.437    1.555    1.675    1.857    2.061    2.326    2.737    4.004   60.970
1950    1  916    0.418    0.555    0.636    0.715    0.799    0.878    0.955    1.024    1.111    1.182    1.296    1.393    1.477    1.604    1.728    1.929    2.220    2.557    3.731   66.659
1951    1  953    0.428    0.534    0.640    0.696    0.745    0.805    0.868    0.928    0.989    1.046    1.109    1.189    1.266    1.346    1.457    1.576    1.725    2.084    2.763   28.998
1952    2  961    0.426    0.518    0.595    0.664    0.721    0.781    0.838    0.903    0.979    1.038    1.121    1.184    1.280    1.378    1.473    1.627    1.836    2.161    2.958   22.689
1953    2  977    0.410    0.519    0.598    0.650    0.714    0.780    0.849    0.904    0.993    1.064    1.146    1.229    1.340    1.427    1.551    1.750    1.943    2.200    2.777   28.087
1954    3  970    0.435    0.567    0.657    0.727    0.808    0.873    0.959    1.034    1.125    1.223    1.331    1.459    1.597    1.762    1.912    2.114    2.405    2.758    3.473   36.190
1955    2  969    0.320    0.435    0.506    0.559    0.604    0.658    0.697    0.742    0.811    0.881    0.949    1.025    1.107    1.201    1.305    1.470    1.608    1.836    2.328   15.329
1956    2  969    0.290    0.390    0.463    0.522    0.572    0.616    0.666    0.715    0.755    0.817    0.883    0.960    1.043    1.133    1.240    1.362    1.503    1.721    2.156   62.168
1957    4  965    0.312    0.409    0.472    0.529    0.575    0.632    0.699    0.751    0.806    0.868    0.928    1.025    1.115    1.212    1.325    1.473    1.659    1.977    2.498   52.965
1958    2  992    0.381    0.470    0.566    0.638    0.706    0.779    0.839    0.923    1.018    1.125    1.226    1.345    1.482    1.596    1.757    1.984    2.255    2.653    3.581   89.730
1959    1  991    0.274    0.345    0.413    0.461    0.515    0.562    0.608    0.651    0.701    0.779    0.856    0.936    1.008    1.116    1.204    1.327    1.481    1.722    2.161   14.763
1960    1 1011    0.232    0.324    0.378    0.436    0.493    0.541    0.587    0.641    0.685    0.736    0.785    0.864    0.932    1.034    1.145    1.260    1.406    1.618    2.210   21.226
1961    2 1032    0.206    0.325    0.389    0.439    0.506    0.551    0.607    0.662    0.713    0.781    0.848    0.940    1.047    1.141    1.293    1.483    1.675    1.962    2.530   34.389
1962    1 1057    0.179    0.252    0.321    0.370    0.419    0.452    0.498    0.543    0.588    0.643    0.697    0.773    0.865    0.944    1.052    1.215    1.400    1.647    2.150   41.535
1963    2 1090    0.264    0.341    0.402    0.448    0.511    0.553    0.616    0.672    0.728    0.782    0.862    0.957    1.070    1.164    1.270    1.410    1.609    1.908    2.443   43.427
1964    1 1087    0.239    0.319    0.379    0.421    0.473    0.523    0.566    0.616    0.653    0.715    0.775    0.839    0.932    1.010    1.140    1.256    1.428    1.655    2.135   43.220
1965    2 1110    0.243    0.304    0.347    0.386    0.433    0.476    0.526    0.563    0.606    0.655    0.716    0.788    0.860    0.925    1.036    1.141    1.277    1.476    1.918   13.732
1966    2 1129    0.197    0.267    0.313    0.357    0.402    0.435    0.466    0.501    0.540    0.584    0.631    0.674    0.730    0.794    0.859    0.943    1.053    1.256    1.606    6.648
1967    2 1131    0.221    0.303    0.371    0.428    0.477    0.520    0.582    0.634    0.683    0.730    0.772    0.833    0.890    0.986    1.095    1.215    1.358    1.613    2.090    9.122
1968    4 1100    0.144    0.207    0.267    0.314    0.358    0.399    0.442    0.481    0.514    0.555    0.606    0.655    0.703    0.750    0.808    0.883    0.987    1.164    1.515    5.457
1969    6 1144    0.134    0.190    0.231    0.274    0.304    0.335    0.381    0.416    0.450    0.477    0.513    0.546    0.591    0.626    0.674    0.724    0.790    0.917    1.138    3.716
1970    7 1197    0.148    0.219    0.303    0.365    0.414    0.479    0.534    0.582    0.626    0.672    0.725    0.788    0.852    0.918    1.000    1.115    1.214    1.444    1.809    8.266
1971   10 1217    0.188    0.276    0.356    0.430    0.494    0.557    0.611    0.664    0.718    0.764    0.811    0.864    0.926    1.006    1.101    1.215    1.381    1.590    2.103   18.646
1972   11 1287    0.165    0.244    0.303    0.359    0.432    0.494    0.544    0.614    0.659    0.725    0.771    0.824    0.882    0.943    1.016    1.117    1.309    1.491    1.884   25.701
1973    9 1352    0.163    0.232    0.306    0.370    0.450    0.505    0.565    0.631    0.691    0.758    0.806    0.850    0.905    0.989    1.069    1.171    1.306    1.506    1.967   44.705
1974    8 1360    0.269    0.391    0.528    0.654    0.764    0.883    0.988    1.082    1.169    1.240    1.341    1.433    1.549    1.677    1.836    2.035    2.302    2.707    3.426   22.386
1975    6 1369    0.438    0.644    0.875    1.079    1.244    1.398    1.527    1.647    1.757    1.887    2.017    2.152    2.328    2.524    2.809    3.175    3.607    4.237    5.454   60.511
1976    8 1365    0.365    0.502    0.668    0.770    0.876    1.004    1.119    1.207    1.294    1.375    1.476    1.546    1.655    1.792    1.922    2.126    2.401    2.873    3.572   46.769
1977    5 1396    0.339    0.462    0.574    0.647    0.729    0.807    0.885    0.955    1.014    1.083    1.137    1.213    1.280    1.354    1.430    1.554    1.757    1.982    2.463   23.801
1978    5 1391    0.408    0.518    0.620    0.700    0.782    0.859    0.930    1.006    1.071    1.128    1.173    1.245    1.315    1.402    1.487    1.602    1.765    2.026    2.543    8.411
1979    8 1381    0.391    0.527    0.633    0.735    0.816    0.897    0.996    1.070    1.135    1.202    1.292    1.359    1.431    1.537    1.627    1.733    1.859    2.105    2.535    7.811
1980    8 1368    0.340    0.452    0.526    0.623    0.697    0.778    0.860    0.942    1.017    1.090    1.161    1.263    1.356    1.458    1.573    1.679    1.814    2.028    2.388    6.779
1981    8 1360    0.274    0.372    0.447    0.532    0.607    0.699    0.770    0.849    0.945    1.026    1.118    1.213    1.332    1.422    1.551    1.699    1.839    2.062    2.432    6.860
1982    8 1346    0.359    0.452    0.531    0.596    0.685    0.767    0.841    0.926    1.004    1.090    1.189    1.301    1.392    1.499    1.618    1.736    1.868    2.071    2.552    6.831
1983   10 1319    0.292    0.376    0.448    0.509    0.590    0.686    0.762    0.842    0.911    0.992    1.082    1.165    1.259    1.335    1.435    1.532    1.671    1.794    2.117    6.263
1984   12 1322    0.259    0.336    0.394    0.452    0.512    0.564    0.633    0.689    0.747    0.810    0.876    0.930    0.996    1.070    1.154    1.263    1.370    1.507    1.716    4.482
1985   23 1295    0.307    0.395    0.472    0.538    0.600    0.669    0.726    0.782    0.844    0.909    0.973    1.044    1.126    1.197    1.274    1.358    1.450    1.592    1.866   13.017
1986   26 1257    0.259    0.325    0.380    0.440    0.500    0.546    0.599    0.663    0.715    0.768    0.817    0.885    0.950    1.018    1.078    1.169    1.239    1.373    1.586   24.438
1987   28 1249    0.208    0.307    0.367    0.428    0.481    0.519    0.570    0.620    0.669    0.729    0.792    0.843    0.904    0.945    0.997    1.054    1.144    1.283    1.559   22.714
1988   34 1249    0.239    0.332    0.393    0.477    0.547    0.613    0.673    0.733    0.797    0.857    0.921    0.988    1.052    1.113    1.179    1.276    1.430    1.615    2.036   81.304
1989   45 1211    0.245    0.330    0.386    0.444    0.515    0.565    0.615    0.675    0.722    0.766    0.825    0.880    0.943    1.004    1.077    1.147    1.238    1.412    1.727    9.237
1990   46 1210    0.202    0.271    0.333    0.383    0.435    0.485    0.537    0.595    0.645    0.697    0.748    0.807    0.868    0.931    1.005    1.086    1.184    1.314    1.662   15.852
1991   51 1245    0.224    0.323    0.406    0.477    0.550    0.622    0.696    0.767    0.835    0.905    0.976    1.067    1.139    1.222    1.318    1.473    1.686    2.054    2.941   40.273
1992   56 1300    0.158    0.229    0.298    0.353    0.418    0.474    0.523    0.583    0.630    0.700    0.752    0.803    0.862    0.908    0.986    1.078    1.256    1.493    2.034   60.307
1993   49 1404    0.168    0.225    0.276    0.336    0.392    0.443    0.488    0.541    0.582    0.633    0.676    0.724    0.772    0.835    0.906    0.981    1.109    1.274    1.570   12.768
1994   46 1495    0.167    0.223    0.288    0.336    0.379    0.425    0.464    0.506    0.550    0.589    0.637    0.683    0.732    0.792    0.862    0.943    1.025    1.183    1.471    7.241
1995   43 1548    0.193    0.255    0.314    0.365    0.411    0.456    0.498    0.546    0.601    0.652    0.707    0.756    0.816    0.887    0.967    1.049    1.147    1.321    1.650    9.027
1996   43 1598    0.148    0.223    0.279    0.319    0.355    0.395    0.436    0.477    0.520    0.562    0.609    0.673    0.739    0.803    0.870    0.951    1.040    1.208    1.491   20.849
1997   50 1696    0.146    0.210    0.250    0.295    0.335    0.369    0.409    0.451    0.487    0.523    0.561    0.622    0.682    0.734    0.805    0.890    0.992    1.119    1.441    8.453
1998   50 1701    0.129    0.189    0.224    0.260    0.296    0.323    0.354    0.390    0.421    0.458    0.493    0.538    0.579    0.639    0.699    0.784    0.879    1.001    1.294    7.834
1999   40 1679    0.116    0.182    0.226    0.277    0.322    0.366    0.417    0.460    0.507    0.549    0.598    0.658    0.717    0.787    0.866    0.969    1.104    1.309    1.782    8.857
2000   38 1537    0.108    0.183    0.234    0.295    0.359    0.405    0.462    0.517    0.573    0.641    0.701    0.774    0.861    0.943    1.062    1.177    1.378    1.657    2.255   14.945
2001   31 1434    0.126    0.183    0.251    0.301    0.360    0.403    0.446    0.500    0.558    0.613    0.688    0.751    0.849    0.962    1.095    1.272    1.599    2.159    3.354   51.352
2002   29 1387    0.133    0.195    0.260    0.326    0.371    0.410    0.454    0.496    0.556    0.606    0.658    0.731    0.796    0.865    0.959    1.081    1.253    1.521    2.264   22.843
2003   27 1382    0.166    0.252    0.323    0.376    0.423    0.483    0.530    0.576    0.629    0.691    0.745    0.801    0.871    0.945    1.054    1.187    1.393    1.642    2.302    9.822
2004   23 1361    0.145    0.215    0.266    0.310    0.348    0.385    0.418    0.464    0.506    0.541    0.577    0.619    0.669    0.728    0.788    0.877    0.975    1.152    1.443    4.986
2005   21 1363    0.145    0.205    0.257    0.296    0.328    0.367    0.401    0.434    0.466    0.499    0.530    0.572    0.617    0.654    0.714    0.787    0.848    0.982    1.208    3.411
2006   25 1328    0.150    0.205    0.249    0.283    0.320    0.359    0.395    0.431    0.467    0.499    0.537    0.577    0.619    0.665    0.737    0.818    0.923    1.027    1.215    4.490
2007   26 1311    0.141    0.197    0.242    0.278    0.315    0.349    0.382    0.417    0.452    0.488    0.519    0.563    0.595    0.653    0.708    0.765    0.835    0.942    1.183    3.507
2008   23 1291    0.153    0.205    0.248    0.289    0.324    0.359    0.402    0.457    0.498    0.549    0.600    0.644    0.701    0.757    0.829    0.930    1.053    1.279    1.565    5.052
2009   38 1225    0.208    0.295    0.378    0.445    0.499    0.555    0.623    0.695    0.766    0.856    0.945    1.015    1.111    1.231    1.366    1.550    1.752    2.094    3.192   26.412
2010   46 1209    0.166    0.244    0.303    0.368    0.414    0.450    0.503    0.559    0.605    0.655    0.715    0.766    0.835    0.917    0.974    1.071    1.183    1.404    1.778    8.071
2011   39 1205    0.148    0.212    0.265    0.320    0.361    0.399    0.446    0.484    0.535    0.579    0.628    0.686    0.739    0.794    0.855    0.939    1.041    1.182    1.434    5.795
2012   39 1202    0.164    0.245    0.313    0.358    0.412    0.465    0.512    0.562    0.615    0.676    0.742    0.798    0.869    0.931    1.009    1.102    1.214    1.400    1.991    6.905
2013   43 1204    0.142    0.213    0.274    0.328    0.367    0.418    0.472    0.516    0.564    0.608    0.662    0.723    0.806    0.865    0.946    1.055    1.161    1.272    1.649    5.199

Copyright 2012 Kenneth R. French
