This file was created by CMPT_ME_PRIOR_RETS using the 201402 CRSP database.  It
contains a momentum factor, constructed from six value-weight portfolios formed
using independent sorts on size and prior return of NYSE, AMEX, and NASDAQ stocks.
Mom    is the average of the returns on two (big and small) high prior return portfolios
minus the average of the returns on two low prior return portfolios.  The portfolios
are constructed monthly.  Big means a firm is above the median market cap on the NYSE
at the end of the previous month; small firms are below the median NYSE market cap.
Prior return is measured from month -12 to - 2.  Firms in the low prior return
portfolio are below the 30th NYSE percentile.  Those in the high portfolio are above
the 70th NYSE percentile.

Missing data are indicated by -99.99 or -999.

          Mom   
192701   0.49
192702  -0.69
192703   5.41
192704   3.83
192705   3.73
192706  -0.65
192707   5.03
192708   1.15
192709   1.55
192710  -0.07
192711  -0.64
192712  -0.03
192801  -0.58
192802  -1.20
192803   4.84
192804  -3.84
192805   2.43
192806   2.02
192807   2.38
192808   3.78
192809   3.72
192810   4.10
192811   1.83
192812   1.63
192901   2.52
192902   3.53
192903  -0.87
192904   2.41
192905   0.03
192906   8.41
192907   2.68
192908   6.02
192909   2.35
192910   4.52
192911  -1.18
192912   4.72
193001  -4.25
193002   0.61
193003  -4.22
193004   3.67
193005   0.02
193006   6.52
193007  -2.65
193008   4.22
193009  11.46
193010   6.86
193011  -0.97
193012  13.55
193101 -10.40
193102 -14.22
193103   9.65
193104  12.21
193105   9.12
193106 -17.65
193107   8.34
193108  -3.49
193109  10.16
193110   3.17
193111   8.06
193112  14.00
193201 -10.53
193202   2.27
193203  10.02
193204   6.90
193205  13.11
193206   3.31
193207 -45.03
193208 -52.15
193209   2.26
193210   4.17
193211  -2.71
193212   5.36
193301  -1.01
193302   4.24
193303   2.60
193304 -14.99
193305  -4.42
193306   3.39
193307   0.10
193308   7.60
193309   1.74
193310  -2.51
193311   6.31
193312   3.81
193401  -3.21
193402  -0.61
193403  -0.78
193404  -5.12
193405  -3.07
193406  -0.32
193407   8.57
193408   3.06
193409   0.04
193410   6.48
193411   4.45
193412   4.61
193501   3.46
193502  13.87
193503   2.00
193504  -5.10
193505  -3.75
193506   2.46
193507  -4.48
193508  -8.50
193509   8.60
193510   2.43
193511  -6.20
193512   3.90
193601  -3.00
193602   2.59
193603   1.55
193604  -7.76
193605   2.72
193606   0.40
193607   2.99
193608   0.43
193609   1.17
193610   0.96
193611   2.56
193612   2.08
193701  -1.95
193702   3.02
193703   2.71
193704  -3.83
193705   0.38
193706   0.83
193707  -0.57
193708  -1.67
193709  -6.96
193710  -1.50
193711  -0.52
193712   4.17
193801  -1.32
193802  -3.06
193803  15.78
193804  -8.74
193805   6.64
193806 -24.48
193807  -6.10
193808   4.09
193809   2.44
193810  -7.72
193811   3.38
193812   1.98
193901  -3.15
193902   3.09
193903  -1.93
193904   2.77
193905   3.70
193906   1.67
193907  -0.32
193908   5.89
193909 -29.19
193910   6.51
193911  -0.32
193912   5.40
194001   1.49
194002   1.88
194003  -0.20
194004   3.23
194005   3.01
194006  -2.61
194007   0.55
194008  -1.70
194009  -0.41
194010  -6.24
194011   1.74
194012   3.35
194101  -4.71
194102   1.05
194103   2.50
194104   2.89
194105   2.30
194106  -0.63
194107  -1.98
194108   0.17
194109  -1.73
194110   4.66
194111   3.96
194112   0.36
194201  -3.26
194202  -0.64
194203  -0.13
194204  -0.88
194205  -4.65
194206  -1.57
194207   0.81
194208  -0.18
194209  -0.65
194210  -3.99
194211  -0.75
194212   3.03
194301  -0.20
194302  -1.63
194303   4.89
194304   6.11
194305   5.61
194306  -1.10
194307  -4.57
194308   0.64
194309   1.83
194310  -0.50
194311  -4.68
194312   5.94
194401   0.93
194402   0.28
194403   2.48
194404   0.51
194405   2.16
194406  -5.16
194407   0.19
194408   4.58
194409  -1.09
194410  -1.41
194411   1.32
194412   3.38
194501  -0.13
194502   3.02
194503  -3.16
194504   4.76
194505   0.10
194506   4.07
194507  -2.57
194508  -1.43
194509   1.31
194510   0.22
194511   4.16
194512   1.21
194601   3.79
194602  -1.40
194603   2.60
194604   2.99
194605  -0.52
194606  -2.56
194607  -0.11
194608  -0.08
194609   0.62
194610   1.05
194611   0.41
194612  -0.17
194701  -6.50
194702  -0.46
194703   4.07
194704   5.07
194705   3.34
194706  -1.84
194707  -3.44
194708   3.36
194709  -0.11
194710   1.40
194711   4.24
194712   3.65
194801  -4.28
194802   1.52
194803  -0.17
194804   4.07
194805   2.38
194806   3.99
194807  -1.54
194808   0.25
194809  -1.26
194810   2.76
194811   0.58
194812   4.63
194901  -2.93
194902  -0.41
194903  -0.84
194904   3.05
194905   3.04
194906  -1.28
194907  -1.51
194908   1.71
194909  -1.42
194910   0.00
194911   1.27
194912  -0.77
195001  -2.30
195002   1.35
195003   1.53
195004   0.39
195005   0.37
195006  -1.68
195007  -0.43
195008   3.20
195009  -0.11
195010   1.45
195011   3.61
195012   4.93
195101   1.92
195102  -1.60
195103  -2.97
195104   6.00
195105  -0.94
195106  -2.40
195107   7.24
195108   0.92
195109   0.51
195110  -0.31
195111   0.63
195112   1.72
195201   1.40
195202  -0.76
195203   1.62
195204  -2.02
195205   0.50
195206   1.51
195207  -0.51
195208   0.31
195209   1.77
195210   2.75
195211   0.47
195212   1.52
195301   0.70
195302   0.87
195303   0.10
195304   1.85
195305   0.94
195306  -0.02
195307  -0.25
195308   2.19
195309   2.88
195310   0.29
195311   1.90
195312   5.19
195401  -5.75
195402   1.02
195403   2.11
195404   4.95
195405  -1.95
195406   3.53
195407   0.48
195408  -0.64
195409   1.55
195410   0.96
195411   1.91
195412  -1.39
195501   1.37
195502   1.08
195503   1.02
195504  -0.09
195505   0.56
195506   4.66
195507  -1.23
195508   1.80
195509   1.79
195510  -0.51
195511   2.65
195512  -1.34
195601  -1.47
195602   1.97
195603   3.55
195604   2.56
195605  -1.65
195606   2.74
195607   2.48
195608  -0.49
195609  -0.74
195610   2.41
195611   3.43
195612   3.83
195701  -3.11
195702   0.31
195703  -0.20
195704   0.93
195705   0.47
195706   0.78
195707   0.11
195708   0.42
195709   0.59
195710   1.90
195711   1.22
195712   7.76
195801  -7.64
195802   3.76
195803  -1.95
195804   1.85
195805  -1.86
195806  -0.87
195807  -3.62
195808   0.23
195809  -1.12
195810   3.11
195811   1.58
195812  -0.65
195901  -0.25
195902   3.40
195903   0.12
195904   3.14
195905   1.49
195906   2.91
195907  -0.32
195908  -0.95
195909   0.84
195910   3.48
195911   2.28
195912   0.93
196001  -3.44
196002   3.86
196003   1.44
196004   2.82
196005   4.83
196006   0.87
196007  -0.77
196008   1.92
196009   0.31
196010   1.24
196011   3.66
196012   1.37
196101  -3.97
196102   1.03
196103   4.19
196104   3.52
196105  -1.51
196106   0.26
196107   0.26
196108   1.62
196109   0.78
196110   3.11
196111   1.36
196112  -2.25
196201  -2.03
196202  -0.96
196203   1.83
196204   2.88
196205   0.33
196206   6.42
196207   0.71
196208  -0.59
196209   3.96
196210   0.72
196211  -7.15
196212   5.81
196301  -2.11
196302   2.50
196303   1.58
196304  -0.08
196305   0.37
196306   1.18
196307   0.99
196308   1.08
196309   0.13
196310   3.14
196311  -0.75
196312   1.69
196401   1.10
196402   0.25
196403   0.71
196404  -0.59
196405   2.56
196406   0.49
196407  -0.32
196408  -0.21
196409  -0.39
196410   0.18
196411   1.10
196412  -0.71
196501  -1.31
196502   0.28
196503   0.09
196504   2.54
196505   0.54
196506  -3.13
196507   4.09
196508   2.58
196509   3.32
196510   3.44
196511   4.41
196512   0.13
196601   5.39
196602   4.54
196603   1.35
196604   6.21
196605  -4.72
196606   3.34
196607  -1.41
196608  -2.09
196609  -1.77
196610  -5.14
196611   5.73
196612   1.07
196701  -6.75
196702   3.56
196703   1.43
196704   0.62
196705   0.59
196706   6.04
196707  -1.09
196708  -1.42
196709   2.55
196710   3.64
196711   1.29
196712   3.23
196801  -4.64
196802  -3.40
196803   3.18
196804   5.15
196805   3.73
196806  -1.92
196807  -0.85
196808   1.88
196809  -0.66
196810  -1.50
196811   1.66
196812   0.10
196901  -0.15
196902  -2.49
196903   3.96
196904   1.18
196905   1.67
196906  -2.23
196907   1.64
196908   2.13
196909   2.50
196910  -4.33
196911   3.60
196912   5.04
197001   0.63
197002   0.12
197003  -0.28
197004  -0.70
197005  -2.68
197006   5.78
197007  -2.94
197008  -6.49
197009  -8.92
197010   9.61
197011   2.88
197012  -2.21
197101  -6.59
197102   0.81
197103  -1.22
197104   1.31
197105   0.88
197106   2.70
197107  -2.36
197108   3.51
197109   2.09
197110   0.46
197111   1.47
197112  -0.68
197201   0.24
197202   2.71
197203   2.91
197204   2.90
197205   3.18
197206   1.92
197207   2.75
197208  -5.34
197209   1.75
197210   0.75
197211  -5.17
197212   4.99
197301   3.72
197302   2.12
197303   3.62
197304   6.32
197305   7.08
197306   4.32
197307 -11.58
197308   3.42
197309  -7.02
197310   6.73
197311   8.63
197312  10.26
197401  -8.82
197402   0.13
197403  -0.99
197404   2.00
197405  -0.25
197406   2.38
197407   3.01
197408   3.07
197409   4.32
197410  -0.71
197411   2.18
197412   2.94
197501 -13.80
197502  -0.58
197503  -1.99
197504   1.34
197505  -0.47
197506   0.05
197507   0.43
197508  -0.13
197509   0.33
197510  -0.14
197511  -0.45
197512  -0.12
197601   4.45
197602   0.41
197603   0.19
197604   0.50
197605  -1.11
197606  -0.43
197607  -0.12
197608  -0.85
197609   0.25
197610  -0.46
197611   2.92
197612   0.77
197701   3.94
197702   0.38
197703   0.49
197704   4.24
197705   2.03
197706   1.78
197707   0.31
197708  -1.74
197709   2.06
197710  -0.12
197711   2.20
197712   1.56
197801  -0.72
197802   1.90
197803   1.37
197804   0.84
197805   2.85
197806   2.78
197807   4.23
197808   2.85
197809  -3.14
197810  -8.38
197811   5.49
197812   3.05
197901  -1.26
197902  -1.05
197903   2.89
197904   0.80
197905  -0.26
197906   0.84
197907  -1.09
197908  -0.23
197909   5.32
197910   2.15
197911   7.95
197912   4.77
198001   7.50
198002   7.86
198003  -9.58
198004  -0.44
198005  -1.11
198006   1.58
198007   0.37
198008   3.20
198009   5.43
198010   7.33
198011  15.24
198012  -6.63
198101  -7.94
198102  -1.39
198103   0.75
198104  -0.96
198105   3.75
198106  -5.91
198107  -2.52
198108  -1.11
198109   1.98
198110   4.08
198111  -0.27
198112   1.32
198201   1.71
198202   4.99
198203   2.93
198204  -0.41
198205   2.55
198206   4.99
198207   4.46
198208  -3.52
198209   4.19
198210   0.02
198211   5.91
198212   0.02
198301  -1.70
198302   3.82
198303   0.93
198304   1.81
198305  -1.50
198306   1.78
198307  -3.13
198308  -5.44
198309  -0.11
198310  -4.56
198311  -0.08
198312   0.77
198401  -2.49
198402   0.19
198403   1.10
198404   2.05
198405   1.63
198406  -0.70
198407   2.93
198408  -5.68
198409   3.70
198410   3.22
198411   1.70
198412   1.53
198501  -6.91
198502   1.82
198503   1.69
198504   3.05
198505   4.00
198506   3.63
198507  -3.94
198508   1.81
198509   1.48
198510   4.87
198511  -0.40
198512  -0.12
198601   2.96
198602   2.77
198603   2.45
198604  -0.50
198605   2.03
198606   5.14
198607   1.80
198608  -5.02
198609  -5.86
198610   2.70
198611  -0.33
198612   0.40
198701   2.08
198702  -2.17
198703   1.60
198704   0.25
198705  -0.68
198706  -0.20
198707   2.68
198708  -0.89
198709   0.72
198710  -7.88
198711  -1.12
198712   5.81
198801  -7.63
198802  -1.54
198803   0.64
198804   2.28
198805   0.65
198806  -2.91
198807   0.64
198808   0.33
198809   0.24
198810   1.31
198811   0.41
198812   0.42
198901  -0.14
198902   0.93
198903   3.56
198904   1.70
198905   1.54
198906   0.66
198907   5.40
198908  -0.14
198909   3.39
198910   1.37
198911   2.57
198912   2.78
199001  -3.32
199002  -0.52
199003   1.66
199004   2.46
199005   3.05
199006   2.40
199007   5.93
199008   1.80
199009   5.52
199010   6.73
199011  -5.61
199012   0.15
199101  -6.52
199102  -4.81
199103   2.81
199104  -2.39
199105  -0.11
199106   0.46
199107   4.35
199108   1.60
199109   1.73
199110   3.21
199111   1.26
199112   8.28
199201  -2.47
199202  -0.61
199203  -0.35
199204  -2.60
199205   0.10
199206  -0.61
199207   1.43
199208  -0.52
199209   1.44
199210   2.73
199211  -0.34
199212   4.47
199301   4.82
199302   3.13
199303   3.74
199304   0.34
199305   0.29
199306   4.59
199307   3.24
199308   2.58
199309   3.40
199310  -2.71
199311  -4.71
199312   2.29
199401   0.01
199402  -0.26
199403  -1.32
199404   0.41
199405  -2.19
199406  -0.83
199407   0.19
199408   1.54
199409   1.31
199410   1.47
199411  -0.19
199412   3.50
199501  -1.83
199502  -0.34
199503   0.36
199504   1.82
199505  -0.44
199506   2.90
199507   2.55
199508   0.08
199509   2.73
199510   4.14
199511  -0.61
199512   2.56
199601   0.56
199602   0.58
199603  -1.89
199604  -0.92
199605   1.60
199606   0.96
199607  -0.14
199608  -0.12
199609   2.69
199610   3.90
199611  -2.23
199612   0.59
199701   1.94
199702  -2.04
199703   0.98
199704   4.89
199705  -5.19
199706   2.59
199707   3.84
199708  -2.52
199709   1.45
199710  -0.43
199711   0.28
199712   3.85
199801   0.10
199802  -1.10
199803   2.14
199804   0.78
199805   1.89
199806   7.26
199807   3.71
199808   1.88
199809  -0.58
199810  -5.35
199811   1.18
199812   9.04
199901   3.05
199902  -0.13
199903  -1.35
199904  -9.13
199905  -5.25
199906   4.94
199907   1.59
199908   3.01
199909   6.49
199910   5.47
199911   5.66
199912  13.20
200001   1.90
200002  18.39
200003  -6.85
200004  -8.46
200005  -9.09
200006  16.53
200007  -0.07
200008   5.77
200009   2.22
200010  -4.68
200011  -2.50
200012   6.81
200101 -24.97
200102  12.59
200103   8.38
200104  -8.15
200105   2.13
200106   0.28
200107   5.55
200108   5.57
200109  11.55
200110  -8.43
200111  -8.57
200112  -0.03
200201   3.69
200202   6.80
200203  -1.72
200204   7.92
200205   3.16
200206   6.17
200207   3.41
200208   1.73
200209   9.11
200210  -5.47
200211 -16.29
200212   9.65
200301   1.55
200302   1.22
200303   1.55
200304  -9.45
200305 -10.73
200306  -1.00
200307  -0.33
200308  -0.51
200309  -0.06
200310   3.67
200311   1.60
200312  -5.70
200401   2.59
200402  -1.12
200403   0.19
200404  -5.37
200405   1.65
200406   2.08
200407  -2.37
200408  -1.54
200409   5.26
200410  -1.52
200411   3.23
200412  -2.85
200501   3.12
200502   3.18
200503   0.93
200504  -0.83
200505   0.41
200506   2.08
200507   0.03
200508   2.21
200509   3.49
200510  -1.32
200511   0.36
200512   0.76
200601   2.80
200602  -1.77
200603   1.21
200604   0.65
200605  -3.73
200606   1.47
200607  -2.20
200608  -3.47
200609  -0.94
200610  -0.26
200611  -1.03
200612   0.82
200701   0.26
200702  -1.32
200703   2.52
200704  -0.15
200705  -0.30
200706   0.24
200707   2.78
200708   0.09
200709   4.61
200710   4.89
200711   0.88
200712   6.55
200801  -7.83
200802   6.11
200803   4.12
200804  -0.22
200805   3.20
200806  12.53
200807  -5.32
200808  -3.80
200809   0.34
200810   7.83
200811   7.13
200812  -5.03
200901  -1.88
200902   4.23
200903 -11.35
200904 -34.72
200905 -12.47
200906   5.31
200907  -5.47
200908  -8.87
200909  -5.02
200910   2.67
200911   0.37
200912   2.89
201001  -5.34
201002   3.62
201003   3.70
201004   3.14
201005  -0.22
201006  -2.90
201007   1.92
201008  -0.13
201009   1.35
201010   1.58
201011   2.51
201012  -3.21
201101  -0.30
201102   2.05
201103   3.59
201104   0.08
201105  -0.58
201106   1.76
201107   0.14
201108  -0.35
201109  -2.52
201110  -1.45
201111   4.00
201112   1.89
201201  -7.95
201202  -0.27
201203   1.46
201204   3.84
201205   6.61
201206  -1.14
201207   3.06
201208  -2.51
201209  -1.02
201210   0.12
201211   0.37
201212  -2.92
201301  -1.87
201302   1.47
201303   2.08
201304   0.34
201305  -1.89
201306   0.65
201307   1.69
201308   0.05
201309   3.02
201310   0.16
201311   0.37
201312   0.05
201401   1.68
201402   2.15

Annual Factors:
January-December 
           Mom   
  1927  24.06
  1928  27.71
  1929  24.01
  1930  26.61
  1931  24.89
  1932 -20.61
  1933  21.22
  1934  17.64
  1935  18.93
  1936   7.06
  1937  -4.33
  1938  -0.78
  1939   0.88
  1940   5.52
  1941   8.70
  1942 -15.10
  1943  14.64
  1944  10.47
  1945  15.00
  1946   5.37
  1947  13.86
  1948  11.95
  1949   0.43
  1950  15.51
  1951  11.36
  1952   9.11
  1953  16.31
  1954  10.27
  1955  13.81
  1956  19.19
  1957   9.83
  1958  -9.88
  1959  19.14
  1960  17.29
  1961  10.80
  1962  11.95
  1963  11.63
  1964   4.78
  1965  20.54
  1966  10.46
  1967  22.43
  1968   2.20
  1969   9.84
  1970  -3.19
  1971   3.54
  1972  15.55
  1973  29.18
  1974   8.21
  1975 -18.80
  1976   7.51
  1977  17.88
  1978  12.03
  1979  27.04
  1980  37.11
  1981  -8.30
  1982  34.67
  1983  -9.80
  1984   9.26
  1985  14.83
  1986   8.37
  1987  -3.72
  1988  -5.48
  1989  27.99
  1990  17.63
  1991  14.65
  1992   3.15
  1993  23.72
  1994   3.24
  1995  17.76
  1996   6.46
  1997  11.73
  1998  23.58
  1999  34.62
  2000  15.16
  2001   4.42
  2002  25.60
  2003 -24.53
  2004  -0.52
  2005  15.36
  2006  -7.78
  2007  21.51
  2008  13.25
  2009 -83.04
  2010   6.06
  2011   7.45
  2012   1.43
  2013   8.30

Copyright 2014 Kenneth R. French
